MSMfraction
0.05
BiFraction
0.77
InitMalePrefBeta
4.86	20.39
AnnChangeMalePref
-0.015	0.157
SameSexMarried
0.48
AgePrefMSM
0.093545929119988200	0.482413607485030000	0.245024733676754000	0.106071135024791000	0.043774523549261600	0.017641510166080000	0.007008952885997900	0.002758207801206720	0.001078034687226110	0.000419186104655744	0.000162346011192027	0.000062673263657054	0.000024131294554031	0.000009270980315335	0.000003555192571669	0.000002202756718139
0.034134427760301800	0.416908047743455000	0.307718710831894000	0.145981782575393000	0.059782603181880300	0.022734515489334700	0.008273582145487770	0.002926344879414880	0.001015162278305800	0.000347426913435353	0.000117773837046364	0.000039658915026188	0.000013294425349624	0.000004443716169837	0.000001482946369865	0.000000742361136119
0.005919369087369060	0.286179554832171000	0.363063611008320000	0.207539044166489000	0.088715527874626200	0.032648263468918200	0.010973556435882300	0.003473159148242320	0.001053826601988580	0.000310060719818532	0.000089151355999934	0.000025188743326065	0.000007021690160387	0.000001937136947800	0.000000530130482578	0.000000197599257956
0.000503234678294022	0.150692246673374000	0.364998825682470000	0.278344905683800000	0.133190739049857000	0.049853676955317700	0.016051306369767300	0.004670915916348270	0.001264733911659590	0.000324611300865047	0.000079976603363560	0.000019084374274297	0.000004439783528550	0.000001011977666034	0.000000226866648951	0.000000064172765546
0.000021924252818609	0.061117233424945300	0.301382763923624000	0.334278993006422000	0.191944236250533000	0.077205595708465900	0.024901893537511200	0.006916622615521690	0.001725547858875330	0.000397225290438400	0.000085935047088535	0.000017699923606278	0.000003504236704565	0.000000671707627470	0.000000125362117537	0.000000027853699125
0.000000473743851455	0.018635123211771700	0.201619276208560000	0.350317359789310000	0.257784272128884000	0.117632472600669000	0.039765976795296500	0.010955940333933900	0.002603799289113690	0.000553641433670321	0.000107966668317532	0.000019654144920896	0.000003383502430842	0.000000556293563453	0.000000088020541414	0.000000015835166289
0.000000004659053200	0.003661841193211770	0.097679510157589900	0.299330935624405000	0.319136528383005000	0.183389077543649000	0.070428658011635800	0.020399368914194000	0.004803140264566020	0.000966311839459032	0.000172009190962985	0.000027789213954043	0.000004153295605031	0.000000582754287719	0.000000077650908197	0.000000011303513681
0.000000000000040147	0.000046242184855310	0.010499039756187800	0.114887433856638000	0.294742898978086000	0.311264582690560000	0.179544197778991000	0.066782798820096100	0.017832624228294600	0.003680397013093850	0.000619105318696568	0.000088305381871975	0.000011007959107302	0.000001228123423848	0.000000124987237006	0.000000012922820036
0.000000000000000000	0.000000030346216452	0.000196954574005118	0.013256835241323100	0.114265515534398000	0.287965170986950000	0.313060145840066000	0.183611396043130000	0.067099194898550100	0.016882272991996800	0.003144397000113870	0.000457809406615720	0.000054335374438148	0.000005433199172338	0.000000469988326447	0.000000038574699213
0.000000000000000000	0.000000000001192554	0.000000558490289930	0.000384665557561975	0.015080251285500200	0.113690685623244000	0.283481065198015000	0.314296916927478000	0.186492289981595000	0.067240963057129600	0.016157886422116200	0.002775063035470190	0.000359651219333127	0.000036718881737593	0.000003057259373178	0.000000227059964164
0.000000000000000000	0.000000000000000002	0.000000000178339476	0.000002215368922173	0.000567914573316878	0.016360228862786100	0.113211970742792000	0.280295465311777000	0.315202051133711000	0.188639126243363000	0.067298769887531900	0.015590928315973700	0.002507445695266750	0.000295283950665293	0.000026587259190417	0.000002012476365221
0.000000000000000000	0.000000000000000000	0.000000000000004985	0.000000001991141454	0.000005012700305340	0.000733281598511228	0.017303637461536200	0.112819287001243000	0.277916279484025000	0.315893869079129000	0.190300340484375000	0.067313788539760700	0.015136573549851700	0.002305719457320810	0.000250592002749675	0.000021616650045297
0.000000000000000000	0.000000000000000000	0.000000000000000000	0.000000000000224825	0.000000008462272371	0.000008631279465596	0.000878513256501054	0.018026080316697100	0.112495439807840000	0.276072106852913000	0.316440198020365000	0.191623717107474000	0.067306317293293400	0.014765002937293900	0.002148792990465730	0.000235191675193813
0.000000000000000000	0.000000000000000000	0.000000000000000000	0.000000000000000003	0.000000000002259639	0.000000022356712111	0.000012732016299260	0.001005072713711320	0.018596298507194300	0.112225473696285000	0.274600980682166000	0.316882770263511000	0.192702652189464000	0.067286974312672700	0.014455843251607200	0.002231180008116840
0.000000000000000000	0.000000000000000000	0.000000000000000000	0.000000000000000000	0.000000000000000081	0.000000000010763548	0.000000045015676881	0.000017053863750958	0.001115389411601870	0.019057453326047800	0.111997769660494000	0.273400270856617000	0.317248699981884000	0.193599052428228000	0.067261556086327000	0.016302709358609000
0.000000000000000000	0.000000000000000000	0.000000000000000000	0.000000000000000000	0.000000000000000000	0.000000000000000556	0.000000000022436100	0.000000051424397847	0.000014435605914685	0.000821411368830148	0.013390464714074400	0.080090509135293000	0.211893522073153000	0.288726446042930000	0.230728384039715000	0.174334775573255000
CasualEntry
5.20
CasualAgeAdj
1.0069
CasualLowAdj
0.59
CasualHighAdj
0.62
CasualExit
1.00
CasualSexFreq
1.56
FreqSexST_MSM
3.00
ORcondomCasual
2.2
InitHIVtransmMSM (casual, ST rel, LT rel; receptive then insertive)
0.00494	0.00494	0.00262
0.00124	0.00124	0.00066
RolePrefBi
0.20	0.30	0.50
RolePrefHomo
0.50	0.30	0.20
MeanDurST_MSM
0.48
RatioInitPrevMSM
3.37
IntraEventVersatility
0.5