HighPropnM, HighPropnF
0.35	0.25
ConscientiousEffectSex
0.67
AssortativeM, AssortativeF 0.561856
0.530000	0.530000
GenderEquality
0.5
AnnNumberClients
750.0
DebutMedian
16.5	15.5
DebutShape
7.50	11.0
DebutAdjLow (male, female)
0.58	0.58
DebutAdjRace (black, coloured, white) 
1.00	0.75	0.47
RRdebutLogDropIncomeF
1.225
RRdebutInSchool
0.80	0.46
PartnershipFormation (MaleHigh, MaleLow, FemHigh, FemLow)
1.63005475157084	0.189779	0.568588446869499	0.602792
BasePartnerAcqH 7.3 14.6
2.20	2.20
GammaMeanST
38.0	32.0
GammaStdDevST
15.0	9.00
PartnerEffectNew (by sex; ST then LT)
0.642765	0.542019
0.413186	0.166776
RaceEffectNew 
1.00	0.09	0.02
RaceMixing 
0.0150	0.0030	0.0015
HIVeffectPartners
1.00	1.00	0.65	0.25	0.80	0.80
RR_STemployedM
1.57
MarriageConstant
3.30	2.90
MarriageTrend
0.040	0.051
MarriageShape
0.50	0.66
0.50	0.66
0.50	0.66
MarriageMin
16.0	16.0
DivorceAdj
1.39
DivorceTrend
0.9893
ORremarriage
25.39	1.35
ORmarriage2ndaryEdu 
1.50	0.70
ORmarriageTertiary 
3.50	0.70
ORmarriageInSchool
0.37
RaceMarriage 
0.00	-0.50	-2.00
BaseOddsMarriage
0.0036	0.0450
OR_MarriedAge
1.564	1.522
0.9915	0.9894
1.00005	1.00007
OR_MarriedRace
1.00	1.00
1.50	1.38
2.56	2.94
OR_MarriedEmployed
1.64	0.43
OR_MarriedEdu
1.00	1.00
0.94	0.79
0.89	0.64
0.84	0.75
0.83	0.64
OR_MarriedAgeEmployed
1.031	1.018
MeanFSWcontacts, GammaMeanFSW, GammaStdDevFSW
5.00	32.0	11.0
PartnerEffectFSWcontact
1.00	0.5		0.3		0.2		0.1
SWurban
1.50	0.50
RR_FSWcontactEmployedM
1.40
HIVeffectFSWentry, HIVeffectFSWexit
1.00	1.00	0.65	0.25	0.80	0.80
1.00	1.00	1.50	3.00	2.00	2.00
RR_FSWentryDiagnosed
0.63
MeanDurSTrel (by fem risk group, then by male risk group)
0.50	0.50
0.50	0.50
RRbreakupBinge
1.00
LTseparation
0.000000000000000000	0.000000000000000000
0.000374573519378312	0.010421309212140600
0.025032505892618900	0.028671256888795900
0.033657822514966700	0.028237819856140400
0.027564819819389300	0.022946667694275100
0.020611302539692800	0.015929500774589400
0.015248935071392500	0.012601512891970000
0.011163207491282300	0.008294303324300910
0.007947209714969080	0.005186773238765340
0.004811498342600760	0.003155554205997970
0.002958056944735630	0.001672816441458980
0.002201110005537300	0.001075729348148220
0.001212818645975530	0.000357740032093652
0.000912717496105180	0.000307666649445264
0.000912717496105180	0.000307666649445264
0.000912717496105180	0.000307666649445264
AgePrefF
0.468163741199336000	0.431385365152313000	0.081478170554947500	0.015389238581667400	0.002906651714323450	0.000548995594781695	0.000103691873919576	0.000019584865195916	0.000003699103220378	0.000000698670350696	0.000000131961783686	0.000000024924361413	0.000000004707603839	0.000000000889151476	0.000000000167938990	0.000000000039105720
0.000000000000000000	0.475198500363557000	0.409251341729420000	0.087517762543616500	0.021009383771658300	0.005447554763696810	0.000445650512713854	0.001110206197918220	0.000015898133425753	0.000003002769534786	0.000000567149906051	0.000000107120780419	0.000000020232501951	0.000000003821426049	0.000000000721774109	0.000000000168069809
0.000000000000000000	0.000163127555116619	0.488550851845148000	0.352340599240640000	0.111426184881761000	0.035585774008597700	0.007513116468874090	0.003154316993783090	0.000491591069424670	0.000771949309299177	0.000002018586364270	0.000000381261716413	0.000000072011036543	0.000000013601127922	0.000000002568921269	0.000000000598190027
0.000000000000000000	0.000000000000000000	0.013218166583356900	0.438205995363595000	0.357295011741901000	0.126724582990464000	0.044443998492308100	0.009884084148674800	0.003164318682995130	0.003264105708141930	0.000980308563691657	0.002171025209500840	0.000563810596638801	0.000084581127808199	0.000000008752782383	0.000000002038142433
0.000000000000000000	0.000000000000000000	0.001641828530740600	0.033361955744649000	0.375472024519994000	0.383953050599907000	0.133318119089606000	0.041476276916025400	0.013598269464768800	0.009331426503416790	0.002455817452065920	0.004151496135777090	0.001077963873090100	0.000161730515896174	0.000000032975502773	0.000000007678560752
0.000000000000000000	0.000000000000000000	0.000000000000000000	0.002635290359976590	0.038909287079654400	0.371933706465130000	0.362752110259449000	0.140414956974732000	0.044396115753492000	0.013966514089055400	0.009314181862195020	0.012072802831779700	0.003134579420064650	0.000470312652418613	0.000000115384110071	0.000000026867942113
0.000000000000000000	0.000000000000000000	0.000000000000000000	0.001266647998112840	0.013537300479831000	0.052565891921683000	0.354115041542684000	0.353370146864885000	0.155531765261007000	0.036502944147858100	0.012339795012491800	0.015997712006048500	0.004149026431606610	0.000622998807496015	0.000000591736577023	0.000000137789718930
0.000000000000000000	0.000000000000000000	0.000000000000000000	0.000000000000000000	0.000000000000000000	0.011806414965752000	0.092090036732865500	0.352748642677127000	0.319406346851187000	0.141852385493168000	0.037676543981441500	0.034217193363924800	0.008867904582343940	0.001332224637868660	0.000001871032263730	0.000000435682058110
0.000000000000000000	0.000000000000000000	0.000000000000000000	0.000000000000000000	0.000000000011134748	0.000119128125722294	0.016241133909440200	0.144490911977006000	0.320513321860471000	0.297809050584288000	0.153284879524123000	0.051778005387017200	0.012802518457245400	0.002494091841903240	0.000403083405051163	0.000063874916597380
0.000000000000000000	0.000000000000000000	0.000000000000000000	0.000000000000000000	0.000000000000000000	0.000000011151211354	0.000282957021759402	0.020344108668624800	0.157504216870633000	0.336087528876529000	0.297399317331451000	0.138774591283299000	0.040145997902965200	0.008070890189395850	0.001224602602855820	0.000165778101275781
0.000000000000000000	0.000000000000000000	0.000000000000000000	0.000000000000000000	0.000000000000000000	0.000000000000000000	0.000000035991895037	0.000253002098100766	0.018204886797643600	0.158939721532471000	0.365352381620165000	0.309258715443348000	0.119483888202889000	0.024964000846463400	0.003233285537389360	0.000310081929634646
0.000000000000000000	0.000000000000000000	0.000000000000000000	0.000000000000000000	0.000000000000000000	0.000000000000000000	0.000000000000000004	0.000000012050106487	0.000121389644147822	0.013955500484600100	0.161928706476927000	0.412137930199659000	0.313842546819790000	0.086863666288891000	0.010472106765345200	0.000678141270532502
0.000000000000000000	0.000000000000000000	0.000000000000000000	0.000000000000000000	0.000000000000000000	0.000000000000000000	0.000000000000000000	0.000000000000000000	0.000000001081034013	0.000040371628592672	0.010393595412801300	0.174261368672901000	0.475849085079784000	0.291086917822940000	0.046062212539673300	0.002306447762273110
0.000000000000000000	0.000000000000000000	0.000000000000000000	0.000000000000000000	0.000000000000000000	0.000000000000000000	0.000000000000000000	0.000000000000000000	0.000000000000000000	0.000000000005907712	0.000004932884101654	0.006414719604357620	0.203151332257611000	0.564793209910099000	0.213154709817419000	0.012481095520503500
0.000000000000000000	0.000000000000000000	0.000000000000000000	0.000000000000000000	0.000000000000000000	0.000000000000000000	0.000000000000000000	0.000000000000000000	0.000000000000000000	0.000000000000000000	0.000000000000578253	0.000002313068206188	0.007110507153651690	0.266669951097142000	0.578713261623879000	0.147503967056543000
0.000000000000000000	0.000000000000000000	0.000000000000000000	0.000000000000000000	0.000000000000000000	0.000000000000000000	0.000000000000000000	0.000000000000000000	0.000000000000000000	0.000000000000000000	0.000000000000000000	0.000000000010224652	0.000009566140589775	0.014352518696483600	0.350012212327053000	0.635625702825649000
AgePrefM
1.000000000000000000	0.000000000000000000	0.000000000000000000	0.000000000000000000	0.000000000000000000	0.000000000000000000	0.000000000000000000	0.000000000000000000	0.000000000000000000	0.000000000000000000	0.000000000000000000	0.000000000000000000	0.000000000000000000	0.000000000000000000	0.000000000000000000	0.000000000000000000
0.107604850570255000	0.891839112841576000	0.000556036588169155	0.000000000000000000	0.000000000000000000	0.000000000000000000	0.000000000000000000	0.000000000000000000	0.000000000000000000	0.000000000000000000	0.000000000000000000	0.000000000000000000	0.000000000000000000	0.000000000000000000	0.000000000000000000	0.000000000000000000
0.008121536941133670	0.306924869015382000	0.665451381718628000	0.017607452465358300	0.001894759859497890	0.000000000000000000	0.000000000000000000	0.000000000000000000	0.000000000000000000	0.000000000000000000	0.000000000000000000	0.000000000000000000	0.000000000000000000	0.000000000000000000	0.000000000000000000	0.000000000000000000
0.001308285181422040	0.055979176850446100	0.409314923945162000	0.497842482555799000	0.032837207248504800	0.001944911978038790	0.000773012240627462	0.000000000000000000	0.000000000000000000	0.000000000000000000	0.000000000000000000	0.000000000000000000	0.000000000000000000	0.000000000000000000	0.000000000000000000	0.000000000000000000
0.000258586068269035	0.014062756384373700	0.135459350554141000	0.424783294254062000	0.386740036154841000	0.030050492092454100	0.008645484486738630	0.000000000000000000	0.000000000005120683	0.000000000000000000	0.000000000000000000	0.000000000000000000	0.000000000000000000	0.000000000000000000	0.000000000000000000	0.000000000000000000
0.000053056556556376	0.003961109223780930	0.046995493921906500	0.163666358729337000	0.429613327415536000	0.312048375962136000	0.036468624123272900	0.007134135379886510	0.000059514107244401	0.000000004580343320	0.000000000000000000	0.000000000000000000	0.000000000000000000	0.000000000000000000	0.000000000000000000	0.000000000000000000
0.000012063075624135	0.000390079161304034	0.011943814509343100	0.069096301304620400	0.179569232959339000	0.366361191581492000	0.295735079040655000	0.066985233532173400	0.009767087718627310	0.000139907045992992	0.000000010070828971	0.000000000000000001	0.000000000000000000	0.000000000000000000	0.000000000000000000	0.000000000000000000
0.000002625651132937	0.001119863512522090	0.005778716274917000	0.017708477247899900	0.064379206950992700	0.163424059391477000	0.340088097064649000	0.295688809271076000	0.100136493754756000	0.011592067082383200	0.000081580758171366	0.000000003040022224	0.000000000000000000	0.000000000000000000	0.000000000000000000	0.000000000000000000
0.000000608819585658	0.000019687171063024	0.001105619655882530	0.006959863616779990	0.025912256286023400	0.063434179696019200	0.183762295195412000	0.328691754061507000	0.272692795468937000	0.110176794981867000	0.007206548726433440	0.000037596138634773	0.000000000181855433	0.000000000000000000	0.000000000000000000	0.000000000000000000
0.000000145285775107	0.000004698051729901	0.002193558218970790	0.009070753080282680	0.022466128744133100	0.025213027233635500	0.054490879213987500	0.184433805359220000	0.320128313627299000	0.297035914282825000	0.079493278459055200	0.005460917760781510	0.000008580682014747	0.000000000000290301	0.000000000000000000	0.000000000000000000
0.000000035693940933	0.000001154221607752	0.000007461106859692	0.003543541055794790	0.007690805482242870	0.021871432308737500	0.023960694895561100	0.063719224928911700	0.214329057426314000	0.341894468732831000	0.237687009115813000	0.082421328267439600	0.002873471463087590	0.000000315300854539	0.000000000000003416	0.000000000000000000
0.000000008126211732	0.000000262774267538	0.000001698622583865	0.009459263187714050	0.015671052091740900	0.034171055183537400	0.037442695700757300	0.069752789478649600	0.087265950594365200	0.192300243733872000	0.242511993192892000	0.252857662307119000	0.058071089254046000	0.000494219280222255	0.000000016472018573	0.000000000000002289
0.000000002642109913	0.000000085436918401	0.000000552280406597	0.004228755300518590	0.007004620337926950	0.015272721701974300	0.016716383041347600	0.031118960834338500	0.037143412079730000	0.095763280226663700	0.161290021079960000	0.331460843083069000	0.272970030704143000	0.026943161819988500	0.000087165743765795	0.000000003687139704
0.000000001222360634	0.000000039527019965	0.000000255510132813	0.001553908426120610	0.002574216059208540	0.005613018212651370	0.006148312831752530	0.011451283441997800	0.017724396489543200	0.047157505429225500	0.082543897128299500	0.224714551301734000	0.409016705568408000	0.183480950128521000	0.008007408277205730	0.000013550445818384
0.000000001157242980	0.000000037421339524	0.000000241898632563	0.000000806023116170	0.000002630836543394	0.000006902480847255	0.000029271607486416	0.000080613429249829	0.014358310796656800	0.035865259672754900	0.053587593800839600	0.135792729443069000	0.324423697801279000	0.347093006374943000	0.087102524506932300	0.001656372749067970
0.000000003251795269	0.000000105152022836	0.000000679722557567	0.000002264883109462	0.000007392514081026	0.000019395612786229	0.000082251697168587	0.000226519550511471	0.027456721152379700	0.058588969369228600	0.062016399819904700	0.106113961457192000	0.196029437619705000	0.245252550648994000	0.267905052578607000	0.036298294969957700
AgePrefAdj2ndary
4.00
FreqSexST[1]
3.00	3.00	3.00	3.00	3.00	3.00	3.00	3.00	3.00	3.00	3.00	3.00	3.00	3.00	3.00	3.00
FreqSexLT[1]
5.00000	5.00000	5.00000	4.20448	3.53553	2.97302	2.50000	2.10224	1.76777	1.48651	1.25000	1.05112	0.88388	0.74325	0.62500	0.52556
BaselineCondomUse
0.12
RelEffectCondom
1.00	0.46	6.00
AgeEffectCondom
-0.025	-0.025	0.0
RatioInitialTo1998
0.07	0.07	0.17
RatioUltTo1998
7.50	3.50	6.0
MedianToBehavChange
12.3	11.0	13.02
CondomEdu
0.22	0.26	0.31	0.36	0.43	0.49	0.56	0.65	0.77	0.88	1	1.21	1.60	5.00
CondomEduMedian 0.96
0.93
CondomRace 
1.00	0.35	1.50
SDpartnerRateAdj
0.5
SDcondomPref 1.40
1.0
CondomScaling 0.3655
0.3655
ORcondomBingePW
0.93
ORcondomPerYrSchool 1.20
1.05
CasualEntryHet
0.28	0.20
CasualAgeAdjHet
1.0000	1.0000
CasualLowAdjHet
0.40	0.12
CasualHighAdjHet 0.62
0.80
CasualSexFreqHet
10.00
RRcasualBinge[2]
1.39	1.46
RRcasualEmployedM 
1.25
RRcasualLogDropIncomeF 
1.425